0 1 1
1 2 49
2 50 76
3 77 106
4 106 127
5 128 150
6 151 176
7 177 186
8 187 207
9 208 221
10 221 235
11 235 248
12 249 255
13 255 261
14 262 267
15 267 281
16 282 293
17 293 304
18 305 312
19 312 321
20 322 331
21 332 341
22 342 349
23 350 359
24 359 366
25 367 376
26 377 385
27 385 396
28 396 404
29 404 410
30 411 414
31 415 417
32 418 427
33 428 434
34 434 440
35 440 445
36 446 452
37 453 458
38 458 467
39 467 476
40 477 482
41 483 489
42 489 495
43 496 498
44 499 502
45 502 506
46 507 510
47 511 515
48 515 517
49 518 520
50 520 523
51 523 525
52 526 528
53 528 531
54 531 534
55 534 537
56 537 541
57 542 545
58 545 548
59 549 551
60 551 552
61 553 554
62 554 555
63 556 557
64 558 559
65 560 561
66 562 564
67 564 566
68 566 568
69 568 570
70 570 571
71 572 573
72 574 575
73 575 577
74 577 578
75 578 580
76 580 581
77 582 583
78 583 584
79 585 585
80 586 586
81 587 587
82 587 589
83 589 589
84 590 590
85 591 591
86 591 592
87 592 592
88 593 594
89 594 594
90 595 595
91 595 596
92 596 596
93 596 596
94 597 597
95 597 597
96 598 598
97 598 599
98 599 599
99 599 600
100 600 600
101 600 600
102 601 601
103 601 601
104 601 601
105 602 602
106 602 602
107 602 602
108 603 603
109 603 603
110 603 603
111 604 604
112 604 604
113 604 604
